1	1	-0.538346	0.0452062	-0.841511	Abbe	阿贝
1	1	0.0388216	0.823211	-0.566406	Abel	阿贝尔
1	1	-0.712084	-0.381816	-0.589196	Apollo	阿波罗
3	1	-0.660631	-0.0299992	-0.750111	Alder	阿尔德
1	1	0.970034	-0.0542333	-0.236838	Alphonsus	阿方索
1	1	-0.436813	0.117861	0.891798	Avogadro	阿伏伽德罗
1	1	0.866516	-0.0605927	0.495459	Archimedes	阿基米德
3	1	-0.245103	-0.278995	-0.928486	Alekhin	阿廖欣
1	1	0.00761971	0.099027	-0.995056	Amundsen	阿蒙森
1	1	0.906037	0.422492	0.0244322	Armstrong	阿姆斯特朗
1	1	0.214479	-0.210767	0.953717	Anaximenes	阿那克西米尼
3	1	-0.0572247	-0.138153	-0.988756	Ashbrook	阿什布鲁克
1	1	0.489998	0.479842	0.727773	Atlas	阿特拉斯
3	1	0.000121746	-0.0697564	0.997564	Hermite	埃尔米特
3	1	-0.44882	-0.0211658	0.893371	Emden	埃姆登
1	1	-0.525973	-0.419879	0.739631	EsnaultPelterie	埃斯诺佩尔蒂埃
1	1	-0.950975	0.110032	-0.289032	Aitken	艾肯
1	1	-0.14334	0.894901	0.422618	Edison	爱迪生
1	1	0.284814	-0.887091	0.363251	Eddington	爱丁顿
3	1	0.0217755	-0.959558	0.280667	Einstein	爱因斯坦
1	1	-0.950633	0.148865	0.27228	Anderson	安德森
3	1	0.174428	0.959814	-0.219846	Ansgarius	安斯加尔
3	1	-0.793896	-0.193531	-0.576432	Oppenheimer	奥本海默
3	1	0.926252	0.376112	0.0244322	Aldrin	奥尔德林
3	1	-0.325407	0.856639	-0.400349	Alden	奥尔登
2	1	-0.436566	0.82802	0.351842	Olcott	奥尔科特
3	1	-0.897648	-0.078534	-0.433659	Orlov	奥尔洛夫
3	1	-0.519757	0.835024	0.180519	Ostwald	奥斯特瓦尔德
3	1	0.274047	-0.423611	0.863396	Babbage	巴贝奇
3	1	-0.0678327	0.995005	0.0732382	Babcock	巴布科克
3	1	0.323851	0.880202	-0.346936	Balmer	巴尔末
1	1	-0.695221	0.533462	-0.481754	Pavlov	巴甫洛夫
3	1	0.317722	0.0429577	0.94721	Barrow	巴罗
3	1	0.0667729	0.867791	-0.492424	Barnard	巴纳德
3	1	-0.246652	0.946912	-0.206204	Pasteur	巴斯德
3	1	0.976466	0.0734209	-0.202787	Albategnius	巴塔尼
3	1	0.142249	-0.372513	-0.91706	Bailly	巴伊
2	1	0.21068	0.16166	0.964095	Baillaud	巴约
3	1	-0.930522	0.0895991	0.355107	BuysBallot	白贝罗
2	1	0.612807	-0.10145	0.783693	Plato	柏拉图
2	1	0.857775	0.252457	0.447759	Banting	班廷
3	1	-0.488402	0.674701	-0.553392	Bolyai	鲍耶
3	1	-0.103497	-0.922699	0.371368	Bell	贝尔
3	1	0.176376	0.942458	-0.284015	Behaim	贝海姆
1	1	0.359518	0.448752	-0.81815	Biela	比拉
3	1	-0.041508	0.950689	0.307357	AlBiruni	比鲁尼
3	1	0.20257	-0.397565	0.894934	Pythagoras	毕达哥拉斯
1	1	-0.00168694	0.483279	0.875464	Belkovich	别利科维奇
3	1	-0.083098	-0.53678	0.83962	Poczobutt	波乔布特
3	1	0.0579229	-0.974953	0.214735	Bohr	玻尔
3	1	-0.00318257	-0.260485	-0.965473	Boltzmann	玻尔兹曼
3	1	0.0807428	0.0139467	0.996637	Byrd	伯德
3	1	-0.431207	-0.289759	0.854459	Birkhoff	伯克霍夫
1	1	-0.237236	-0.873173	0.425779	Berkner	伯克纳
3	1	0.413986	-0.0767277	0.907044	Birmingham	伯明翰
3	1	-0.585786	-0.10329	-0.803857	Bose	博斯
3	1	-0.523243	-0.553315	-0.64812	Buffon	布丰
3	1	-0.164597	-0.718669	0.67559	Bragg	布喇格
3	1	-0.349027	-0.712453	-0.608761	Blackett	布莱克特
3	1	-0.474319	-0.652845	-0.590606	Brouwer	布劳威尔
2	1	-0.531368	0.493777	0.688355	Bridgman	布里奇曼
3	1	0.017153	-0.25825	0.965926	Brianchon	布利安生
3	1	0.196225	0.276115	-0.940881	Boussingault	布森戈
1	1	-0.854823	-0.507557	0.107999	Tsander	灿德尔
3	1	-0.577066	-0.0302427	0.816138	Chappell	查普尔
3	1	-0.118348	-0.626341	0.770513	Chapman	查普曼
3	1	0.698207	0.698207	0.158158	daVinci	达・芬奇
1	1	0.328667	-0.87906	-0.345298	Darwin	达尔文
3	1	-0.902585	-1.11E-16	0.430511	Dante	但丁
3	1	0.0949291	-0.951067	0.29404	Dalton	道尔顿
3	1	-0.646695	-0.0429535	0.761538	Debye	德拜
3	1	0.314044	0.406326	0.858065	DelaRue	德拉鲁
3	1	0.834781	-0.0700985	-0.546102	Deslandres	德朗达尔
3	1	0.0165047	-0.184932	-0.982613	Drygalski	德里加尔斯基
3	1	-0.767298	0.630265	-0.118404	Dellinger	德林杰
3	1	0.0973399	-0.324451	0.940881	Desargues	德扎尔格
3	1	0.94269	0.264978	-0.202787	Descartes	笛卡儿
1	1	0.712982	-0.139882	-0.687088	Tycho	第谷
3	1	0.732091	-0.499399	0.463296	Diophantus	丢番图
2	1	-0.914709	-0.340177	-0.218143	Doppler	多普勒
3	1	-0.563485	0.587596	-0.580703	E?tv?s	厄缶
3	1	0.320899	0.494142	0.80799	Endymion	恩底弥昂
2	1	-0.136009	0.719806	0.680721	Fabry	法布里
3	1	0.544385	0.490167	-0.680721	Fabricius	法布里休斯
3	1	0.729959	0.111699	-0.674302	Faraday	法拉第
3	1	-0.879601	0.12049	-0.4602	VandeGraaff	范德格拉夫
2	1	-0.359186	0.624643	-0.693402	VanderWaals	范德瓦耳斯
3	1	-0.31189	-0.34883	0.883766	van'tHoff	范托夫
3	1	0.226899	0.864887	-0.447759	Phillips	菲利普斯
3	1	-0.361269	-0.375414	-0.853551	Fizeau	斐索
3	1	-0.508492	0.795107	-0.330514	Fermi	费米
2	1	-0.556756	-0.766309	0.320613	Fersman	费斯曼
3	1	-0.294677	0.422409	-0.857167	Fechner	费希纳
3	1	0.0697318	0.127579	-0.989374	vonBaeyer	冯・拜耳
3	1	-0.369619	0.49408	0.786935	vonBekesy	冯・贝凯西
3	1	-0.707755	0.0507326	-0.704634	VonKarman	冯・卡门
3	1	-0.679738	0.343361	0.64812	VonNeumann	冯・诺伊曼
3	1	0.77854	0.509462	-0.366501	Fracastorius	弗拉卡斯托罗
3	1	0.465752	0.374474	-0.801776	Vlacq	弗拉克
3	1	0.996159	-0.0644187	-0.0593064	Flammarion	弗拉马里翁
3	1	-0.324021	0.909958	0.258819	Fleming	弗莱明
1	1	-0.573629	-0.789533	-0.218143	Fridman	弗里德曼
3	1	-0.89515	0.141778	0.422618	Freundlich	弗罗因德利希
3	1	0.550569	-0.712353	0.435231	Freud	弗洛伊德
3	1	0.0574955	-0.586384	0.80799	Volta	伏打
3	1	-0.60587	-0.424235	0.673012	Fowler	福勒
2	1	0.519604	-0.689538	-0.504528	Fourier	傅立叶
3	1	0.524504	0.576423	0.626604	Franklin	富兰克林
3	1	-0.452639	0.869511	0.197657	Guyot	盖奥特
2	1	0.154953	0.797163	0.583541	Gauss	高斯
3	1	0.0168734	0.966676	0.255446	Goddard	戈达德
3	1	0.925668	-0.338747	0.168489	Copernicus	哥白尼
3	1	0.673094	0.692158	-0.260505	Colombo	哥伦布
3	1	-0.496308	-0.776055	-0.389124	Gerasimovich	格拉西莫维奇
3	1	0.368044	-0.924855	-0.0958458	Grimaldi	格里马尔迪
3	1	0.422715	0.291611	0.858065	Gartner	格特纳
3	1	0.743955	0.651283	-0.149535	Gutenberg	谷登堡
3	1	0.0501055	0.925173	0.376224	Hubble	哈勃
3	1	0.241249	0.819694	0.519519	Hahn	哈恩
3	1	0.753338	-0.0184112	-0.657375	Huggins	哈金斯
3	1	0.985372	0.0983532	-0.139173	Halley	哈雷
2	1	0.164113	-0.980701	-0.106264	Hartwig	哈特维希
3	1	0.402282	0.772776	-0.490904	Hase	哈泽
3	1	-0.00380164	0.272254	-0.962218	Hale	海尔
3	1	0.0357604	0.425859	0.904083	Hayn	海因
3	1	0.735097	-0.234599	-0.636078	Heinsius	海因修斯
3	1	0.162922	0.335524	-0.927836	Helmholtz	亥姆霍兹
3	1	-0.958747	0.219582	-0.180519	Heaviside	亥维赛
3	1	0.178807	0.525243	-0.831954	Hanno	汉诺
1	1	0.014012	-0.422386	-0.906308	Hausen	豪森
3	1	-0.410688	0.637262	0.652098	H.G.Wells	赫乔威尔斯
3	1	-0.631379	-0.774147	0.045363	Hertzsprung	赫茨普龙
3	1	0.170796	0.912642	-0.371368	Hecataeus	赫卡泰奥斯
3	1	0.649599	0.070569	-0.756995	Heraclitus	赫拉克利特
3	1	-0.580951	0.054916	-0.812084	Hess	赫斯
3	1	0.38079	-0.923865	0.0383878	Hevelius	赫维留
3	1	0.994387	-0.0364625	-0.0993197	Herschel	赫歇尔
3	1	0.9356	-0.0736333	0.345298	Huxley	赫胥黎
3	1	-0.243564	0.941791	0.231748	Hertz	赫兹
3	1	0.14092	0.879792	-0.45399	Humboldt	洪堡
3	1	0.432642	0.615588	0.658689	Hooke	胡克
3	1	0.927097	-0.141866	0.346936	Wallace	华莱士
3	1	-0.140859	0.989728	-0.0244322	Wyld	怀尔德
3	1	0.480191	0.32146	-0.816138	Hommel	霍梅尔
3	1	-0.832743	-0.551181	0.052336	Kibalchich	基巴利契奇
3	1	-0.935493	0.305766	-0.177085	Keeler	基勒
1	1	0.241545	0.968783	-0.0558215	Gilbert	吉尔伯特
2	1	-0.6975	-0.0807035	0.712026	Guillaume	纪尧姆
3	1	-0.459973	0.0671029	0.885394	Tikhov	季霍夫
3	1	-0.806128	0.480549	-0.345298	Gagarin	加加林
3	1	0.0609935	-0.645244	0.761538	Galvani	伽伐尼
3	1	0.450969	-0.873737	0.182236	Galilaei	伽利略
3	1	-0.855174	-0.45662	-0.245307	Galois	伽罗瓦
3	1	-0.343547	0.237883	0.908508	Gamow	伽莫夫
3	1	0.729116	-0.613973	-0.30237	Gassendi	伽桑狄
3	1	-0.179464	0.789912	0.586372	GiordanoBruno	焦尔达诺・布鲁诺
2	1	-0.720725	-0.519804	0.45865	Joule	焦耳
2	1	-0.884618	-0.268767	0.38107	Jackson	杰克逊
3	1	0.123855	-0.702415	0.700909	Gerard	杰勒德
2	1	-0.0137329	0.561916	-0.827081	Jeans	金斯
3	1	-0.0160769	0.921045	-0.389124	Curie	居里
3	1	0.629256	0.109823	-0.7694	Cuvier	居维叶
3	1	-0.478346	-0.0877928	-0.873772	Cabannes	卡巴纳
3	1	-0.279185	0.0680579	0.957823	Karpinskiy	卡尔平斯基
3	1	-0.49158	-0.36375	0.791224	Carnot	卡诺
1	1	0.780149	-0.609519	0.140901	Kepler	开普勒
3	1	-0.714029	-0.640661	0.282341	Kekule	凯库勒
3	1	-0.617569	0.336709	0.710799	Campbell	坎贝尔
3	1	0.923069	0.337795	-0.183951	Kant	康德
3	1	-0.135792	0.552847	0.822144	Compton	康普顿
3	1	-0.376183	0.689969	0.618408	Cantor	康托尔
3	1	-0.547522	-0.66184	0.512043	Kovalevskaya	柯瓦列夫斯卡娅
3	1	0.770576	0.615143	0.166769	Cauchy	柯西
3	1	-0.636068	0.365755	-0.679441	Koch	科赫
3	1	-0.989775	0.142629	0.00174533	Coriolis	科里奥利
3	1	-0.920961	-0.383359	-0.0697565	Korolev	科罗廖夫
2	1	-0.805857	0.419502	0.417867	Komarov	科马罗夫
2	1	0.310352	-0.151369	-0.938493	Klaproth	克拉普罗特
2	1	0.495106	0.734025	0.464842	Cleomedes	克莱奥迈季斯
3	1	-0.665149	0.204626	-0.718126	Chretien	克雷蒂安
3	1	0.197965	0.973031	-0.118404	Kastner	克斯特纳
3	1	-0.619255	0.482076	0.619779	Kurchatov	库尔恰托夫
1	1	0.62695	0.718686	-0.300706	Cook	库克
3	1	-0.240551	-0.525409	0.816138	Coulomb	库仑
2	1	0.753382	0.329145	-0.56928	RabbiLevi	拉比列维
3	1	0.23272	0.954657	-0.185667	LaPerouse	拉彼鲁兹
3	1	0.249951	-0.80746	-0.534352	Lagrange	拉格朗日
3	1	0.657826	-0.272481	-0.702153	Lagalla	拉加拉
3	1	0.318084	-0.864526	-0.389124	Lamarck	拉马克
3	1	0.41642	0.873042	-0.253758	Lame	拉梅
3	1	0.912964	0.400763	0.076719	Lamont	拉蒙特
3	1	-0.84711	-0.00443554	0.531399	Larmor	拉莫尔
3	1	-0.621818	0.443539	-0.645458	Ramsay	拉姆齐
2	1	0.120225	-0.776606	0.618408	Lavoisier	拉瓦锡
2	1	-0.7847	0.0109572	-0.619779	Leibnitz	莱布尼兹
3	1	-0.128464	0.721191	-0.680721	Lamb	兰姆
2	1	-0.352222	-0.659653	0.663926	Landau	朗道
3	1	-0.472485	0.863011	-0.178802	Langemak	朗格马克
3	1	-0.504424	-0.636425	-0.583541	Langmuir	朗缪尔
3	1	-0.103014	-0.876918	0.469472	Laue	劳厄
3	1	-0.62552	0.772453	-0.109734	Love	勒夫
3	1	-0.415519	-0.243784	-0.876307	Lemaitre	勒梅特
3	1	0.296553	0.823708	-0.483282	Legendre	勒让德
3	1	0.0655921	-0.257328	-0.964095	LeGentil	勒让蒂
3	1	0.880343	-0.0153664	-0.474088	Regiomontanus	雷乔蒙塔努斯
2	1	-0.209368	-0.976616	0.0488498	Lents	楞次
3	1	0.0434427	0.77703	0.627963	Riemann	黎曼
3	1	0.0618644	0.642486	-0.763796	Lyot	李奥
3	1	0.60748	-0.679429	-0.411514	Liebig	李比希
3	1	-0.23544	-0.507213	-0.829038	Lippmann	李普曼
3	1	0.265116	-0.962497	-0.057564	Riccioli	里乔利
3	1	0.715665	0.356818	-0.60042	Riccius	利玛窦
3	1	-0.999225	-0.0087201	-0.0383878	Lipskiy	利普斯基
3	1	-0.20731	0.645696	-0.734915	Lebedev	列别捷夫
3	1	-0.73511	0.545941	-0.401948	LeviCivita	列维齐维塔
3	1	-0.871845	-0.019785	-0.489382	Leeuwenhoek	列文虎克
3	1	0.60177	-0.240691	-0.761538	Longomontanus	隆哥蒙塔努斯
3	1	-0.506808	-0.850178	-0.142629	Lucretius	卢克莱修
1	1	-0.718638	0.67014	0.185667	Rutherford	卢瑟福
3	1	-0.682466	0.355269	-0.638768	Lundmark	伦德马克
3	1	-0.0204906	-0.83842	0.544639	Rontgen	伦琴
3	1	-0.378573	0.909463	0.171929	Lobachevskiy	罗巴切夫斯基
3	1	-0.322426	-0.0310461	0.946085	Roberts	罗伯茨
3	1	-0.243439	-0.896004	0.371368	Robertson	罗伯逊
3	1	0.288473	-0.931907	-0.219846	Rocca	罗卡
3	1	-0.513835	-0.162011	0.842452	Rowland	罗兰
3	1	-0.123672	0.879969	0.45865	Lomonosov	罗蒙诺索夫
2	1	-0.076083	-0.0348335	0.996493	Rozhdestvenskiy	罗日杰斯特文斯基
3	1	0.414618	0.387993	-0.823136	Rosenberger	罗森贝格尔
3	1	0.225586	-0.866036	0.446198	Russell	罗素
3	1	-0.0778179	-0.838851	0.538771	Lorentz	洛伦兹
3	1	-0.536509	0.509128	-0.673012	Roche	洛希
3	1	-0.815418	-0.48416	0.317305	Mach	马赫
3	1	0.963508	-0.0336464	0.265556	MarcoPolo	马可波罗
3	1	-0.745665	-0.148999	-0.649448	Maksutov	马克苏托夫
3	1	-0.506517	-0.853072	0.125333	Michelson	迈克耳孙
1	1	-0.379444	0.90709	-0.182236	Meitner	迈特纳
3	1	-0.0344397	-0.679849	0.732543	McLaughlin	麦克劳林
3	1	-0.924765	-0.237439	0.297375	McMath	麦克马思
3	1	-0.133712	0.853869	0.50302	Maxwell	麦克斯韦
3	1	0.805764	-0.307691	0.506034	McDonald	麦克唐纳
3	1	0.702693	0.680957	-0.206204	Magelhaens	麦哲伦
3	1	-0.94896	0.301028	0.0941083	Mandelshtam	曼德尔施塔姆
3	1	-0.192172	-0.23987	0.951594	Mezentsev	梅津采夫
3	1	0.607954	-0.704322	-0.366501	Mersenius	梅森
3	1	0.555049	0.523052	-0.64679	Metius	梅修斯
3	1	-0.772209	0.627558	0.0993197	Mendeleev	门捷列夫
3	1	-0.636448	-0.234167	0.734915	Montgolfier	蒙戈尔费埃
2	1	-0.218791	-0.621291	-0.752415	Mendel	孟德尔
2	1	0.590041	-0.417772	-0.690882	Mee	米
3	1	-0.322506	0.790278	-0.52101	Milne	米尔恩
3	1	-0.217329	0.0430323	0.975149	Milankovic	米兰科维奇
3	1	0.773765	0.0108045	-0.633381	Miller	米勒
3	1	-0.377832	0.00263776	-0.925871	Minnaert	米奈尔
3	1	-0.859834	-0.406442	0.309017	Mitra	米特拉
3	1	-0.357675	0.583672	0.728969	Millikan	密立根
2	1	-0.457577	-0.308639	-0.833886	Minkowski	闵科夫斯基
3	1	-0.923142	-0.0791411	0.376224	Morse	莫尔斯
3	1	-0.00163047	-0.934203	0.356738	Moseley	莫塞莱
3	1	0.783142	-0.383657	-0.489382	Mercator	墨卡托
3	1	0.277271	0.628657	0.726575	Mercurius	墨丘利
3	1	0.384677	0.222989	-0.895712	Mutus	穆图什
3	1	0.181323	-0.0907998	0.979223	Mouchez	穆谢
3	1	-0.0146092	0.157482	0.987414	Nansen	南森
3	1	-0.0682927	-0.813275	0.577858	Nernst	能斯脱
3	1	0.220115	-0.066876	-0.973179	Newton	牛顿
3	1	-0.31194	-0.10924	-0.943801	Numerov	努梅罗夫
3	1	-0.189269	-0.947201	0.258819	Nobel	诺贝尔
3	1	0.863107	-0.488322	-0.128796	Euclides	欧几里得
3	1	-0.378363	-0.870176	0.315649	Ohm	欧姆
3	1	-0.196308	0.81144	-0.550481	Parkhurst	帕克赫斯特
3	1	-0.94607	0.271281	0.177085	Papaleksi	帕帕列克西
3	1	-0.742692	-0.627624	-0.233445	Paschen	帕申
3	1	0.0895177	-0.250013	0.964095	Pascal	帕斯卡
3	1	0.145812	-0.498637	-0.854459	Pingre	潘格雷
3	1	-0.525863	0.481865	-0.700909	Pauli	泡利
3	1	0.594676	0.205925	-0.777146	Baco	培根
3	1	0.211307	0.474604	-0.854459	Pontecoulant	蓬泰库朗
3	1	0.73503	0.462873	-0.495459	Piccolomini	皮科洛米尼
3	1	0.302039	-0.743833	-0.596225	Piazzi	皮亚齐
2	1	-0.0607029	0.992483	-0.106264	Hirayama	平山
3	1	-0.653087	-0.690621	0.310676	Poynting	坡印廷
3	1	-0.451883	-0.582563	0.67559	Perrine	珀赖因
3	1	0.901858	-0.0362224	-0.430511	Purbach	普尔巴赫
3	1	-0.136765	0.013651	0.990509	Plaskett	普拉斯基特
2	1	-0.387373	0.363767	-0.847122	Planck	普朗克
3	1	-0.39174	0.308269	-0.866897	Prandtl	普朗特
3	1	-0.585465	0.725575	-0.361625	Tsiolkovskiy	齐奥尔科夫斯基
3	1	-0.224338	0.798108	0.559193	Szilard	齐拉特
2	1	-0.863551	0.492561	-0.107999	Chaplygin	恰普雷金
3	1	-0.0513019	0.513979	-0.856267	Chamberlin	钱柏林
3	1	-0.713832	0.106683	0.692143	Chandler	钱德勒
3	1	-0.568452	-0.607461	-0.554844	Chebyshev	切比雪夫
3	1	0.53551	0.454145	-0.712026	Janssen	让桑
3	1	-0.965355	-0.22287	0.135716	Zhukovskiy	茹科夫斯基
3	1	-0.686999	0.446142	-0.573576	JulesVerne	儒勒・凡尔纳
3	1	0.952226	0.262287	0.156434	JuliusCaesar	儒略・凯撒
3	1	0.00608817	0.872048	0.489382	Rayleigh	瑞利
3	1	-0.21976	0.975154	-0.0279216	Saha	萨哈
3	1	0.877042	0.263125	-0.401948	Sacrobosco	萨克罗博斯科
2	1	-0.17616	-0.184987	-0.966823	Zeeman	塞曼
3	1	-0.363735	0.794465	0.486335	Seyfert	赛弗特
2	1	0.0747777	-0.532071	0.843391	Xenophanes	色诺芬尼
3	1	-0.835245	0.109962	0.538771	Shayn	沙因
3	1	-0.507732	-0.447626	0.736097	Schlesinger	施莱辛格
3	1	0.116053	-0.98791	-0.102793	Schlüter	施吕特
3	1	-0.176326	0.291149	0.940288	Schwarzschild	史瓦西
3	1	0.156248	0.986509	0.0488498	Schubert	舒伯特
3	1	0.361387	0.643984	0.674302	Schumacher	舒马赫
3	1	-0.831646	0.550455	0.0732382	Schuster	舒斯特
3	1	0.0910735	0.10294	-0.990509	Scott	斯科特
3	1	-0.0910508	0.945599	-0.312335	Sklodowska	斯克洛多夫斯卡
3	1	0.491434	0.720415	-0.489382	Snellius	斯内利厄斯
3	1	-0.942605	0.24202	0.23005	SpencerJones	斯潘塞・琼斯
3	1	-0.334602	-0.263305	0.904827	Stebbins	斯特宾斯
3	1	-0.218118	-0.659526	0.71934	Stefan	斯特藩
3	1	0.206405	-0.901212	0.38107	Struve	斯特鲁维
3	1	0.233303	-0.971778	0.0348995	Hedin	斯文赫定
3	1	-0.399818	-0.12683	0.907777	Sommerfeld	索末菲
3	1	0.334925	-0.410658	0.848048	South	索思
3	1	-0.81722	0.200729	-0.54024	Thomson	汤姆孙
3	1	-0.850059	0.194689	0.489382	Trumpler	特朗普勒
3	1	-0.165723	0.877066	-0.450878	Titius	提丢斯
3	1	0.986313	-0.0327194	-0.161604	Ptolemaeus	托勒玫
3	1	0.837591	0.0146202	-0.546102	Walther	瓦尔特
3	1	0.103285	-0.966458	0.235142	VascodaGama	瓦斯科・达・伽马
3	1	0.429488	0.487158	-0.760406	Watt	瓦特
3	1	-0.741903	-0.670361	-0.0139622	Vavilov	瓦维洛夫
3	1	-0.479739	-0.824274	0.300706	Weyl	外尔
3	1	0.414998	0.032661	0.909236	W.Bond	威・邦德
3	1	0.262231	-0.23945	-0.934826	Wilson	威尔逊
3	1	0.681005	-0.253264	-0.687088	Wilhelm	威廉
3	1	-0.35089	-0.532152	0.770513	Weber	韦伯
3	1	0.484336	-0.726231	-0.48786	Vieta	韦达
3	1	-0.596931	0.698916	0.393942	Vernadskiy	韦尔纳茨基
3	1	-0.278715	-0.647169	0.709571	Wegener	韦格纳
3	1	-0.631976	0.416711	0.653421	Wiener	维纳
3	1	-0.923795	0.373238	-0.0854169	Ventris	文特里斯
3	1	-0.374484	-0.628203	0.681998	Wood	伍德
3	1	0.87804	0.435863	-0.197657	Theophilus	西奥菲勒斯
3	1	-0.234904	0.15964	0.95882	Seares	西尔斯
3	1	-0.866618	0.355426	-0.350207	Cyrano	西哈诺
3	1	-0.0925144	0.394437	-0.914254	Sikorsky	西科尔斯基
3	1	0.889409	0.39599	-0.228351	Cyrillus	西里尔
3	1	-0.297216	0.903988	-0.307357	Hilbert	希尔伯特
2	1	0.984765	0.108719	0.135716	Hyginus	希吉努斯
3	1	-0.128028	-0.488013	0.863396	Zsigmondy	席格蒙迪
3	1	0.479527	-0.388313	-0.786935	Schiller	席勒
3	1	-0.907168	0.41917	-0.0366437	Schliemann	谢里曼
3	1	-0.460689	0.86643	-0.192522	Sherrington	谢灵顿
3	1	-0.00695781	0.996613	-0.0819385	Hume	休姆
3	1	-0.174522	0.191126	-0.965926	Schrodinger	薛定谔
3	1	-0.30142	0.381664	0.873772	Yablochkov	雅勃洛奇科夫
2	1	0.538191	0.108518	-0.835807	Jacobi	雅可比
3	1	0.315281	0.788258	-0.528438	Adams	亚当斯
3	1	0.610819	0.191419	0.768284	Aristoteles	亚里士多德
3	1	0.741596	0.178041	0.64679	Alexander	亚历山大
3	1	0.953089	0.0783582	0.292372	Yangel'	扬格利
3	1	-0.98872	-0.117898	-0.0923706	Icarus	伊卡洛斯
3	1	-0.804357	0.512432	-0.300706	Isaev	伊萨耶夫
3	1	0.991942	0.0902738	-0.0888943	Hipparchus	依巴谷
2	1	0.24431	-0.629869	-0.737277	Inghirami	因吉拉米
3	1	0.348885	-0.314138	0.882948	J.Herschel	约赫歇尔
3	1	-0.612173	-0.750598	-0.24869	Ioffe	约费
3	1	-0.0486881	0.899001	0.435231	Joliot	约里奥
3	1	0.102264	0.182981	-0.977783	Demonax	泽莫纳克斯
3	1	-0.943376	0.1988	-0.265556	Zwicky	兹威基
3	2	0.428772	-0.894917	0.123601	Descensus	德森萨斯平原
3	3	0.841417	0.350248	-0.411514	Altai	阿尔泰峭壁
3	3	0.744411	-0.485276	-0.45865	Kelvin	开尔文峭壁
3	3	0.917956	-0.125744	-0.376224	Recta	直壁
3	4	0.735671	-0.530582	0.421036	Arduino	阿尔杜伊诺山脊
2	4	0.669774	-0.574065	0.471012	Argand	阿尔甘山脊
3	4	0.575313	0.752478	0.320613	Oppel	奥佩尔山脊
3	4	0.82796	0.497489	0.258819	Barlow	巴洛山脊
3	4	6.11E-17	0.99863	0.052336	Dana	达纳山脊
3	4	0.606801	0.790798	-0.0801989	Geikie	盖基山脊
3	4	0.837882	-0.238677	0.490904	Grabau	葛利普山脊
3	4	0.424408	0.870165	0.25038	Harker	哈克山脊
3	4	0.735907	-0.421458	0.529919	Heim	海姆山脊
3	4	0.655959	0.754595	0.0174524	Cushman	库什曼山脊
3	4	0.808963	-0.351747	0.471012	Zirkel	齐克尔山脊
3	4	0.842463	-0.290083	0.45399	Stille	施蒂勒山脊
3	4	0.917433	0.228742	0.325568	Sorby	索比山脊
3	4	0.520183	0.832467	0.190809	Termier	泰尔米埃山脊
2	4	0.760521	-0.624699	-0.177085	Ewing	尤因山脊
3	5	0.943215	-0.065956	0.325568	Ampere	安培山
3	5	0.938489	-0.0475418	0.34202	Huygens	惠更斯山
2	5	0.400025	-0.642667	0.653421	Rumker	吕姆克山
3	5	0.690006	-0.108052	0.715693	Pico	皮科山
3	5	0.759131	-0.0145761	0.650774	Piton	皮通山
3	5	0.706999	0.0123407	0.707107	Blanc	勃朗峰
3	5	0.689552	-0.00962859	0.724172	Alpes	阿尔卑斯山脉
3	5	0.51112	-0.708685	0.486335	Agricola	阿格里科拉山脉
3	5	0.724698	0.634425	-0.26892	Pyrenaeus	比利牛斯山脉
3	5	0.771787	0.136087	0.621148	Caucasus	高加索山脉
3	5	0.928192	0.150334	0.34038	Haemus	海玛斯山脉
3	5	0.662871	0.578259	0.475624	Taurus	金牛山脉
3	5	0.881676	-0.399946	0.25038	Carpatus	喀尔巴阡山脉
3	5	0.139322	-0.943486	-0.300706	Cordillera	科迪勒拉山脉
3	5	0.874173	-0.466765	-0.133986	Riphaeus	里菲山脉
3	5	0.816035	-0.0713938	0.573576	Spitzbergen	施皮茨贝尔根山脉
3	5	0.666335	-0.139205	0.732543	Teneriffe	特内里费山脉
3	5	0.944113	-0.0610531	0.323917	Apenninus	亚平宁山脉
3	5	0.628777	-0.228856	0.743145	Recti	直列山脉
3	5	0.564343	-0.380654	0.732543	Jura	侏罗山脉
3	6	0.511227	-0.799383	0.315649	Procellarum	风暴洋
3	7	0.661587	0.0369884	0.748956	Alpes	阿尔卑斯大峡谷
3	7	0.0942806	-0.779092	-0.619779	Bouvard	布瓦尔谷
3	8	0.842082	0.265507	0.469472	Serenitatis	澄海
3	8	0.850724	-0.509148	0.130526	Insularum	岛海
2	8	-0.0460763	-0.942097	-0.332161	Orientale	东海
3	8	0.619458	0.77321	-0.135716	Fecunditatis	丰富海
3	8	0.080935	0.541549	0.836764	Humboldtianum	洪堡海
3	8	0.0661911	0.970925	0.23005	Marginis	界海
3	8	0.844175	0.515287	0.147809	Tranquillitatis	静海
3	8	0.785635	0.560388	-0.262189	Nectaris	酒海
3	8	0.365535	0.923236	0.118404	Undarum	浪海
3	8	0.559026	0.0136623	0.829038	Frigoris	冷海
3	8	-0.752767	0.47221	0.45865	Moscoviense	莫斯科海
3	8	-0.0407301	0.777177	-0.627963	Australe	南海
3	8	0.420958	0.906877	0.0191974	Spumans	泡沫海
3	8	0.971259	0.0611064	0.23005	Vaporum	汽海
3	8	0.350318	0.854163	0.384295	Anguis	蛇海
3	8	0.711718	-0.568157	-0.413104	Humorum	湿海
3	8	0.0436082	0.998791	0.0226873	Smythii	史密斯海
3	8	0.491102	0.820572	0.292372	Crisium	危海
3	8	0.809602	-0.226045	0.541708	Imbrium	雨海
3	8	0.892861	-0.266173	-0.363251	Nubium	云海
3	8	0.905847	-0.386377	-0.173648	Cognitum	知海
3	8	-0.797694	0.236288	-0.554844	Ingenii	智海
2	9	0.464903	0.874355	0.139173	Perseverantiae	长存湖
3	9	0.0652144	-0.956599	-0.284015	Veris	春湖
3	9	-0.218491	0.857173	-0.466387	Solitudinis	孤独湖
3	9	0.937167	0.209482	0.278991	Gaudii	欢乐湖
3	9	0.692533	-0.357443	-0.626604	Timoris	恐怖湖
3	9	0.687872	0.384439	0.615662	Somniorum	梦湖
3	9	0.104682	-0.979532	-0.171929	Autumni	秋湖
3	9	0.664505	0.635014	0.393942	Bonitatis	仁慈湖
3	9	0.364648	0.592728	0.718126	Temporis	时令湖
3	9	0.628912	0.323217	0.707107	Mortis	死湖
3	9	0.949092	0.201736	0.241922	Lenitatis	温柔湖
3	9	0.309083	0.662832	0.681998	Spei	希望湖
3	9	0.346157	-0.901769	-0.258819	Aestatis	夏湖
3	9	0.941921	0.0824074	0.325568	Felicitatis	幸福湖
3	9	0.586354	-0.566235	-0.579281	Excellentiae	秀丽湖
3	9	0.944026	0.149519	0.29404	Doloris	忧伤湖
3	9	0.938471	0.11523	0.325568	Odii	怨恨湖
2	10	0.737644	0.599467	0.310676	Amoris	爱湾
3	10	0.514975	0.857062	0.0157073	Successus	成功湾
3	10	0.716057	0.672422	0.187381	Concordiae	和谐湾
3	10	0.612303	-0.37522	0.695913	Iridum	虹湾
3	10	0.885863	0.459188	-0.0662739	Asperitatis	狂暴湾
3	10	0.970399	-0.150226	0.189095	Aestuum	浪湾
3	10	0.323564	-0.490711	0.809017	Roris	露湾
3	10	0.849639	-0.0207647	0.526956	Lunicus	眉月湾
3	10	0.930767	0.304221	0.202787	Honoris	荣誉湾
3	10	0.950477	0.0331914	0.309017	Fidei	信赖湾
3	10	0.998683	0.0296402	0.0418757	Medii	中央湾
3	11	0.894913	0.00624777	0.446198	Putredinis	腐沼
3	11	0.685803	0.685803	0.243615	Somni	睡沼
3	11	0.747388	-0.400746	-0.529919	Epidemiarum	疫沼
3	12	0.394655	0.886409	0.241922	Agarum	阿格鲁姆海角
3	12	0.888078	0.358807	0.287361	Archerusia	阿切鲁西亚海角
3	12	0.871679	0.071665	0.48481	Fresnel	菲涅耳海角
3	12	0.747261	-0.485277	-0.45399	Kelvin	开尔文海角
3	12	0.625414	-0.302337	0.71934	Laplace	拉普拉斯岬
3	12	0.936317	-0.131591	-0.325568	Taenarium	泰纳里厄姆海角
